1 1 1 0 0 0
0 1 0 0 0 0
1 1 1 0 0 0
0 0 2 4 4 0
0 0 0 2 0 0
0 0 1 2 4 0


1 1 1 0 0 0				1 1 1	1 1 0	1 0 0	0 0 0
0 1 0 0 0 0				  1       0       0       0 
1 1 1 0 0 0				1 1 1   1 1 0   1 0 0   0 0 0

0 9 2 -4 -4 0			0 9 2 	9 2 -4 		2 -4 -4		4 -4 0
0 0 0 -2 0 0              0       0     	  -2          0   
0 0 -1 -2 -4 0          0 0 -1  0 -1 -2 	-1 -2 -4    -2 -4 0


[1, 1, 1, 1, 1, 1, 1] =7
[0, 9, 2, 0, 0, 0, -1] = 10
[1, 1, 0, 0, 1, 1, 0] = 5
[9, 2, -4, 0, 0, -1, -2] = 4
[1, 0, 0, 0, 1, 0, 0] = 2
[2, -4, -4, -2, -1, -2, -4]= -15
[0, 0, 0, 0, 0, 0, 0] = 0
[-4, -4, 0, 0, -2, -4, 0] = -14